0.010874440337589487
0.021748880675178973
0.044065482067401331
0.066382083459623681
0.088698684851846038
0.13114422814966736
0.21675108400692528
0.30235793986418319
0.3879647957214411
0.47357165157869902
0.55917850743595698
0.6447853632932149
0.73039221915047281
0.81599907500773072
0.90160593086498864
0.98721278672224655
1.0728196425795045
1.1584264984367625
1.2440333542940205
1.3296402101512785
1.4152470660085366
1.5008539218657946
1.5864607777230526
1.7236468352167542
1.8608328927104558
1.9980189502041574
2.2045613907522261
2.411103831300295
2.617646271848364
2.8241887123964329
3.0307311529445018
3.3424722391754518
3.6542133254064018
3.9659544116373517
4.2776954978683017
4.5894365840992517
4.9011776703302017
5.2129187565611517
5.5246598427921016
5.8364009290230516
6.1481420152540016
6.4598831014849516
6.7716241877159016
7.0833652739468516
7.3951063601778015
7.8978951343492181
8.4006839085206337
8.9034726826920494
9.406261456863465
9.9090502310348807
10.411839005206296
10.914627779377712
11.417416553549128
11.920205327720543
12.422994101891959
12.925782876063375
13.42857165023479
13.931360424406206
14.434149198577622
14.936937972749037
15.722066908557194
16.507195844365352
17.292324780173509
18.077453715981665
18.862582651789822
19.647711587597978
20.432840523406135
21.217969459214292
22.003098395022448
22.788227330830605
23.573356266638761
24.358485202446918
25.734656006331498
27.110826810216079
28.486997614100659
29.863168417985239
31.23933922186982
32.615510025754396
33.991680829638973
35.36785163352355
37.489720376936802
39.611589120350061
41.73345786376332
43.855326607176579
45.977195350589838
48.099064094003097
50.220932837416356
52.342801580829615
54.464670324242874
56.586539067656133
58.708407811069392
60.830276554482651
62.95214529789591
65.074014041309169
67.195882784722428
69.317751528135688
71.439620271548947
73.561489014962206
75.683357758375465
77.805226501788724
79.927095245201983
82.048963988615242
84.170832732028501
86.29270147544176
88.414570218855019
90.536438962268278
92.658307705681537
94.780176449094796
96.902045192508055
99.023913935921314
101.14578267933457
103.26765142274783
105.38952016616109
107.51138890957435
109.63325765298761
111.75512639640087
113.87699513981413
115.99886388322739
118.12073262664065
120.2426013700539
122.36447011346716
124.48633885688042
126.60820760029368
128.73007634370694
132.01440198868275
135.29872763365856
138.58305327863437
141.86737892361018
145.15170456858598
148.43603021356179
154.22697901512461
160.01792781668743
165.80887661825025
171.59982541981307
177.39077422137589
180.96909728508609
184.54742034879629
188.12574341250649
191.7040664762167
197.08628135799725
202.46849623977781
207.85071112155836
213.23292600333892
218.61514088511947
223.99735576690003
229.37957064868058
234.76178553046114
240.1440004122417
245.52621529402225
250.90843017580281
256.29064505758333
261.67285993936389
267.05507482114444
272.437289702925
277.81950458470556
283.20171946648611
291.44205686044927
299.68239425441243
307.92273164837559
316.16306904233875
324.40340643630191
341.14604507178404
357.88868370726618
374.63132234274832
403.15225049791326
431.6731786530782
460.19410680824313
488.71503496340807
502.28923545295885
515.86343594250968
529.43763643206046
543.01183692161123
556.58603741116201
570.16023790071279
583.73443839026356
597.30863887981434
610.88283936936512
624.45703985891589
648.10033716485054
671.7436344707852
695.38693177671985
733.34377261680368
771.3006134568875
809.25745429697133
847.21429513705516
885.17113597713899
923.12797681722282
948.61032922275058
974.09268162827834
999.57503403380611
1025.0573864393339
1050.5397388448616
1076.0220912503894
1101.5044436559172
1126.9867960614449
1152.4691484669727
1177.9515008725004
1203.4338532780282
1220.3106743363405
1237.1874953946528
1254.0643164529652
1270.9411375112775
1287.8179585695898
1304.6947796279021
1321.5716006862144
1338.4484217445267
1355.3252428028391
1372.2020638611514
1389.0788849194637
1405.955705977776
1422.8325270360883
1439.7093480944006
1456.586169152713
1473.4629902110253
1490.3398112693376
1507.2166323276499
1524.0934533859622
1540.9702744442745
1557.8470955025869
1574.7239165608992
1591.6007376192115
1608.4775586775238
1625.3543797358361
1642.2312007941484
1659.1080218524608
1675.9848429107731
1692.8616639690854
1709.7384850273977
1726.61530608571
1743.4921271440223
1760.3689482023346
1777.245769260647
1787.9309793925872
1798.6161895245275
1809.3013996564678
1819.986609788408
1830.6718199203483
1847.1651484319539
1863.6584769435594
1880.151805455165
1896.6451339667706
1913.1384624783761
1929.6317909899817
1946.1251195015873
1972.2365955444811
1998.348071587375
2024.4595476302688
2050.5710236731625
2066.7921044778868
2083.0131852826112
2099.2342660873355
2115.4553468920599
2131.6764276967842
2147.8975085015086
2164.1185893062329
2180.3396701109573
2196.5607509156816
2212.781831720406
2229.0029125251303
2245.2239933298547
2261.445074134579
2277.6661549393034
2293.8872357440277
2310.1083165487521
2326.3293973534765
2342.5504781582008
2358.7715589629252
2374.9926397676495
2391.2137205723739
2407.4348013770982
2423.6558821818226
2439.8769629865469
2456.0980437912713
2472.3191245959956
2488.54020540072
2504.7612862054443
2520.9823670101687
2537.203447814893
2553.4245286196174
2569.6456094243417
2585.8666902290661
2602.0877710337904
2618.3088518385148
2634.5299326432391
2650.7510134479635
2679.802095651818
2708.8531778556726
2737.9042600595271
2766.9553422633817
2796.0064244672362
2825.0575066710908
2854.1085888749453
2883.1596710787999
2912.2107532826544
2941.261835486509
2970.3129176903635
2999.3639998942181
3028.4150820980726
3057.4661643019272
3074.1972171941352
